# Created by Octave 2.1.69, Tue Feb 05 15:28:06 2008 GMT <mackay@inf-gigha>
# name: a
# type: matrix
# rows: 100
# columns: 1
 1.47427690029144
 0.687274634838104
 0.755670666694641
 -0.685865879058838
 -1.14295864105225
 -0.514820337295532
 0.307621777057648
 -0.0914106816053391
 0.235194891691208
 -0.209715187549591
 1.03418016433716
 -0.190686374902725
 0.286778122186661
 0.616688430309296
 1.48318409919739
 -0.0360860303044319
 0.590549111366272
 -0.462225794792175
 -0.153271213173866
 0.551559388637543
 -0.684941172599792
 0.469678908586502
 0.760014355182648
 0.173628136515617
 -1.06658244132996
 -0.129047006368637
 0.375664234161377
 -2.20460152626038
 -0.454392910003662
 1.73955833911896
 -0.309456080198288
 -1.01763355731964
 0.25173482298851
 1.84305310249329
 1.37089157104492
 0.575902283191681
 2.19976544380188
 -0.226981669664383
 1.12320148944855
 1.46629536151886
 -0.470226854085922
 -1.58538198471069
 0.363413035869598
 -0.0443587489426136
 -1.63800060749054
 0.0632021129131317
 -0.0915250778198242
 -0.83998692035675
 -1.6159782409668
 -0.270878434181213
 0.255193918943405
 2.44723129272461
 0.637616634368896
 1.00344574451447
 0.0408495105803013
 -0.929518759250641
 0.205614253878593
 -2.08464574813843
 -0.962790131568909
 -0.848498165607452
 2.10526967048645
 -0.711504936218262
 0.00202769599854946
 -0.284943640232086
 -0.654911160469055
 0.00138749647885561
 0.415082395076752
 -0.204245299100876
 -1.4646338224411
 -0.537121295928955
 -0.296246439218521
 -0.550781309604645
 0.697701036930084
 0.140682965517044
 -0.276382327079773
 -0.302488476037979
 0.658062338829041
 -0.440836668014526
 -0.9478400349617
 1.77968108654022
 -0.272974371910095
 -0.336319953203201
 -0.702422142028809
 0.312877982854843
 1.26802659034729
 1.60595655441284
 -1.27583158016205
 0.0653849914669991
 1.02538847923279
 -0.984440863132477
 -0.0280617065727711
 -0.410550177097321
 -0.763940572738647
 -2.07720589637756
 0.365647435188293
 -0.0698879361152649
 -0.109591424465179
 -1.45405888557434
 -0.322617381811142
 0.313427925109863
